$ANSIBLE_VAULT;1.1;AES256
65393839346330643030343861376166363739383763653464643032623462393163626562373836
6530353731333737356136343865643636633162316439620a636662333034633433363839303038
64303034616365376265363935626231353466356334613037663363653839613262313366303864
6464636239333064300a313863316431653161333239366136373362316163373665333638366634
35386638373235336231343134656138313264313764666361626461343062303164323630303966
66306132346638303765386135306537626666326462616633616666346533313638333266613037
66326634623866653839666662626431333533663164353133333435623936666564376163666637
30353835346135636539613530343136333864326638363532373239613834393965333031323366
39653962323364666366353562393064383563363837366264633061333864373535383765383933
32373639643632623335356636653132353335303163623962343032383264363738316166626537
64646336316666626231333365633165333138383461663664613666326637326230626665646631
31633530666438636536343963643166623264646261366632363232623164633935393339313638
36343932376161353630326437346437306536656633376639643030376266323566333032666332
65346133656264313031303330623035616634613236363366383432393638393731373238303766
36663238383062356439623466323034306365383134383061613435663432643361653964643737
32366331613262306266613135656236323434323435663130366132303936616430623836626663
64316664353561356462326335306138656130326430343938376337356633353538353033333063
30373031613930313665363235326665396237383134323762626537663762646437383239343862
66313138636336393736326166626362303061363034353663636438646636356662386435356332
61326530376264656336313564303734363239653563343537363339333462663061666532366639
33366332643839303665383138373766636537323062303434623661643030373562353434313037
30613834666331646531323138653665363633623362623064616563376530616437363665353266
63663331386234343035383832656433373762396535643234346338366531323861626130303761
63333564656139643161656233666533633165363537656665363933353530643366326635396636
34313539383966306365383362633337346137613033653837353132376666356463343766613836
36356434626264653234393264323732366634623161643365393464383265663263393135383262
35356634343562386132363061663737633536613137626633303765643965656130383361363833
32653863613135636432396130663737623565346238393135646234353561636133643138383566
65383565356434613036613838373930343763353835353638626633643832323265393364356636
36663062326339373965323031366537346639316633346164346664333939646639316666636561
66313032663638613731383831343134346230636436363066313763373631336165353033613837
64393831323135346337666364353235333333616431383330363064326632666433376161336363
32653738663231343461343033326634663862613437333832623836623764353130353432383539
34343731343761663837306238363662396533323234353861656334373163346330336434613337
33646166323764626436633035383835356661316363386633343066396537633239336430333338
38663532353334336438306539393066343962326130356166333437316135323336643535393535
31333239653661343262396238316235303665346133333061613961376462613364323663333664
62326461626539363265663461383339383861386235616331383562323032326133393736336465
38313662393539666437346361386334613364666563323334313432366564316261323661643861
37383639653138366535333366333462346337666566613432356163353335376662623636316465
63306363383366616634343034626339613436623030333033363939356666333866393233383734
64303337646236383062383231366363303363323465303030646337303731316562323832336432
32343035613932653062613431643866616163303262643138633465333138383861316532376364
65396565626533623733636239663636646439626234303636636134303536313639323063356165
64643130336633376332613935323239313330306230396337323131313137663237313530616265
33636664373164393130373761636536333966616436336638386638303761383037626538383464
61303239656265333364333163306432383539366263313066626232346439333535613838663032
38616531323535656638366538343537326634633432336662653734396534663837643563613039
30333065663963396132613531643162646331356564363532373838303331313066386465633665
35663131643339333565623363396461613532396431613030313737613831656562323435306364
33333337383039613630333161333033313266613866336531303934366336303837396330316232
32633262356163666635623134633334363438353935346131306464393439346236373666373437
30353162386431353962386535636439656436323937386239643966306139643838663963616362
63613830646233353463653632393735623133633931633862393838613661636536333837613434
37343763333738386461326366303962663438333036643065326330353432333732383736313863
39616132333035643866646336393339633065656666346339316634653530383833333832653263
35616534333038376163306432613830303864386334316234633830616439393330616463613137
31663364303033383636323063323764363561326561656236316562646464323664663737316366
31373863386666343033393732393262383537343437373631653536303663373031666535636564
65353861303261656435323663353266636632633962653037353666346335616336613432333433
64646164323534313936666636663464636561336165393566333039383962333137313232636461
37323232323130346433613031373833666638663232323835636136343535323965633131383261
36376439383430613132393933353235643732626336353164346165376135323532333633623536
37666633373764396333383635366431386163386139313165353235303565323431363439333430
31616562393835626165623235353932396135663166623738343530613833643430306433303534
33343038333838383666666535663563363735653330646662376264646537386363383033363962
64333162383136626163383134366565376537343963653034336236323830306237386465323832
33313138646135666131643936623265313135353732316138616532393830636362326632653563
32386265663663643862643936333136313334346230393831333761333634363232633262373263
32623437366162646236383261636537643263613065346533643466376532613863333463626130
65343136376166356532633433326232346461633863636563626362663534626539363931383936
66393963343134623665386461633764363339376264323130313834373739376163393332336237
38396161346332363162326361396433613137396637353338636633376236643539333734323532
33346162393962643665313932646263383564616436366363323061373238653061666165623338
38666435363934373962613963663065646562326137376137386536326537316534376361366465
30366564376530396362333662373233653332656434613935663732376132633331626431306163
34396534343035653033343436306234313330363364616436623136626563393230326130656161
61316131333834613931313133353132613662623934356237333661373866336337643935616661
38643961363134653566626432393333383133323734633564393062363434376333613938333862
62666562313533356438666266386432316662636333333334333161306336366630363463396364
34313966663566353466623437323664613238363966383166383335373432333530326132363461
61343664306338626635666530643531323938383434373337636537376531666335666639396665
62383037343437326462396661346333393364373562346665386432376465313237626237326163
62316331313864663333383063316133326230353538623535386263376236653764356131653634
37656630613462646537306566623433396534393430656230623263366137373366653639363633
31353363633163363636643561623736303731383362326263376632316164366165333664316236
65323133666332323938613662306261633165393962366435343634623333393535616331393264
36643536663136363432313466613164386361376564393030643865646633396536336137353838
30626233353338363534306133346663633639343239373564316662373639313239343637376130
37326339636465393365303933316536393135366465616530646639343636303034373935653034
66626433643537633036386236386136373339323363343163303632363131656139353534343536
63623633643636303635613461393032633531663763623031316234313636613666376137633163
32656138356166373831336261663734636233383366333162383234326165626663323162316331
30633661383537373166373331383139616466393732343631616231393161343765313435633234
32373463633139643830616135396337373138646164396164323461313335343563303164663739
65336233333137373436336536383730303538323433323039633638336334343566393065356539
30626231633435326533393738663766383633643838396135396665633035376337376439303439
66383431653536343565346532303033353237643033616362316439376135623462656464303130
31646661333239316238313633313262383337656665393631366131643538333938646231383261
61316665333939636636623733326363383066623961373738346264306435306565653765356535
38623233613765396539363135633234656136323965633834323562623736316330646262623634
62646632336330313739383339346466386138613638646339333537373166366134623638663930
64356534393565663338336136353164303865313130646135646539656166623736613539636562
38633432303461353864373663633564363863636139633864353132313332306637646535393431
30363339643539636364333432653034396361366235333538336538393530363438623364383638
39363339326538646130626565653264633236633063343533313433383335626336396233313861
39636539313333383262656432353833623835366162373039366166663566633861626533393339
35393639386530396437653564666365663037613162353432373832306134646538616339353662
30626633323663373235356562393963323765376234633034346537373766633138626230323064
36363463383433623938353561653265386236363565383739363565646130336665393661623465
62353932626431333362376663323731613263626363626165313664643262376535343362316664
62326166333332383239396537613636333136316333663239633130366261663164663065356165
39626362366464623933363634636264653762656434323637343265336361393164626637396563
39313837353536346338303039363533663634353463653462366131366533383062373565366433
36623065666564363337323035663265666164373866373432613737653364326236633931633766
39303130393135326434373832343039346364386637343231626632306337636333313139353239
30636339363238386261633630366463396432316533353562626365373766366638616339343234
33623032326661303564306239613161656461333239356466393237636562326662343035333362
35663766653662363332346366326135383566643961633363636533383263663830343833306138
31393139623663343863373434346535363439666438353630343631373536383837643534343663
39313266663536356661653364333536356465336466316564653765656562393139393365363866
35333666346539353136343563363039666164346464346139353565353438643233326138653566
31643364653530643531616465353666313338383231626336383930643364383136626338656339
37393130623536326465343238316463343738306437343232383538336364323066376238373066
62373661313362623465663939646337613366303139656333646336383233303935376135633031
31323733666266623463663962313537303435306538316331373830393163363066313536626132
63393936336630623937373466646238656363656665333636333637633162386561613662633463
61626631393163313233663736343263396130326164666330336531316430363130636162396234
38663164643266623335366462376261383035626632613334323731633363393335633364636433
64386430323337393236393634663265393064383163623238366238346237633435303037623165
39643339303562393836616165633361633164343332626332303961373966376465326338333365
34343037343830303461313938666361623062343039363863393231353335316135323533313663
38396366636533366130393936393262613335303932366439306365343633656136333866303636
62633163393564366366303762306563626163626636333132393962373363666330366365313030
61363263326164346232353033306435333863643063313931613434356335313466323538393233
65613861373934316430336138643436656636303234613535306364666538663762633161323631
63613537663261643166393638393565636431386138623737323838363561666663373133663231
64306461633932643334336431353163343665343330316632346236393362356436666661313535
62303834653633626633366634396632643832336566646639643434663665323833643865326136
34373161346236303233633630666230643232643037373331396137316666303562383733646132
65623535343965363161326332613635316330303962653161623131616465656639333431386664
61623864303438383332393066353236613433336635306137646431643364653531666363653635
36386336323838613238336665653036393436616238313436326664636664636231633933343130
32623736363933646130373937613066386664323665383962633931336565623364303731353035
33306265313439633366653863316161373964346236626631633130626634333238373433656135
66386338306439346666626536323930633836393637653961363364336437373137336632363832
63653432643932366465656662636430393636373661626631643565656264376633336132626538
64353831643061643239323639313138306666353533326439353630343065646363623332633535
38663964363636366139653461333637323039336532303839376135376530366636343936656166
36363531663739393862623238346664313839343733363665363661633662353864636262613134
35643934383363626365373064316662616464306639383930303531366163383631396361326439
32373236343762383233653838363436323030343964343338336230633934666639303430366236
38366335386632326333636164343666613431643739316432316538626563356333633665656465
66366636656137363163333332383239656263363461316434353138623630633438323532373035
34383431313138626138663264386536386434333763326432383434623164653637663862383239
31303266333664663066313330356435613238636436643637653664326561373330326439336536
61363031626165333965306461366363623866643832333434653734666338623834623430323931
35383739666562663061366366383232313434613265376331343339653437343866333663306665
65616534636637666336626161643838323138663330646136643133373236653963313631623165
32383266356662383164323130666565666139646536633832623330666132646663643135316464
34306532373763316535643762323134326635363735656539626262396238333831646561346235
38323635333962346263366566313537336136646435333039623637366262376162353262653838
30303933663134356264643030396365616634613863356537613935396631383830343236383464
39306338333734626539396135326236336463626537383966616433666461633763313766356164
33383332393335353439623664336565363539643062616233636530373031623736336265646431
34663064393038643164396237393530646366636266633239643632666663646634386564306235
35383164313239343462346433326364353635613462626338653335366333366239343733623834
31393363353939613235646365363435623961663262326639343064613065663764346631613338
36653335656434326633623363613764393563613637613238323133306665653263636634633131
39653934396433646663376338376261363163386331326262316439383362383333623930363664
31363832613163323635666230643964393363353436636134393333303539313066343935356261
36316537653666633036623862356439623236613037363332323930363532623761393035363934
35326332366161633130393735646437363135336631316365383336313765336530666238316237
31396135316139656438366130343836373966613764663533376332303334336365396335666434
32663438313139656366383861616439643632366639333665373165613839666338323839393932
30613965643936313231656439646438393935393664353934306434373164643836346465376433
64646636303463333335343832346464656534363362613261636336356133333539303536343563
33346236363237633130626137366532643133323836626233303164616335393064393935393163
65363638363730303066353030393736323761393965373538366565313433393566333031643063
62336137626230356139313830366139386461373463313630303638383265643135656130333532
31623966373365373935656333653332353930336362616138313230356664326636623165626165
61396530626238646231653331623065646261356236636663353435626562626161336532386636
39383337626238626330343761646539323639373137656538653433623237326263363131643037
30313839366337663366363462333764646462383537303232656637633532643666313435653938
65616437613233616465373835633639396535353230323563353839373933323061303866303937
32393339343134353535636532323839313138343535626261623332616638333333623037336565
66366536623835303936303237653332323838623430386631313635396461636531383863633365
31393330333164323830323964333937383532383637666436383165303064386535626562343764
64343962656431663962373537356330326335303937303835383539373536306363333365613639
37643366636561303363383166333830336232323935323030663234613535333433393730303730
66323863616637383561613835313030313530343266316362356137653734306431386339306631
34623532333136666138366135363461343661346638373466636537313135663834313064633431
66386231623534383231363866613333383964643731616232633733633535343231396362653564
65303033336363386361303062653036623936376238333837656235326432303231663664613161
66386539653866393736656331663934353963326430313631353238316437636632663734653264
65623936666163613363616336656165653030626164613036376532313563356431633439306233
64396366376363313038323634303132313733663834633032326632343665646161323731333331
32646561393833386137396466356265373665326231386130336563643164653339313931626530
31623862643739383932626436353431643766646136326264626665313365393931356538356136
38316632323734306161656339656530353061313432373634343832373662623035666130306639
30343832396538653063373031393734313736656230613131373664306334633066663035343261
37653239363431643361613333346163356233613436303565643534396566363566376133303163
62326563653164313836633039616333333436633265623366613332393038616235393931363761
35326534313133616539353438333763356535626465313131643964656435333335306632653239
64343539343537663034306563383864313033336663336666663662306237313031323165633037
35333335633334343731323131326235653732353237386566316139373232636235613235666638
31323430343439363939306464616236666338646162383038326431643331356162303934366136
63623264343131626433363662303934353033646131613164333162366463383662623731353866
35353532383261626238313032393932313636666331343964353139376135613334393935313561
66386166303436373035373866333963633133373166303232346566376666363861633839383364
65353037333037643734346430653264616235663838613132373139623536313933323530636536
30363331336236373331323363323164643031643632386634663930653032363437656565323631
38343934386531343631623434303531333039303439326537396234353630383932326439643164
64663930336139346339623865386630643738343133343033646361653730376333633634313561
63653836303633623234393135613439623434303230616661393432333832333033613565666231
34366266386232303834323564333435396631313235663163666630393439663965383264346166
37393264386366643262643634663363396538616430343338353738306330623564326263376536
65306633386530626438353635663262356532316263363530653862306464396535373034623262
33626438643732346363616638393238333065646266383462643166343638303363353162323061
62396363346264643232396630623137623737633033353438353835653831376535326231346136
39373934363034626631646363626331663061333831626332316138313839306634323034363734
63643964373162306563383038353138323562353164343136623064613936626565386530653331
63353262343663623839646236396332646562643863626537663539323735356662323861343164
35333139323332636262393565383063623638393764373235663063666666356265343962663462
65323535633232386661303134313535613365623061623766316363383032366336386630353166
35366139386135336633616631313963393431323161363832336361366531376136373464396166
61643938366564613638323932623332633166326439363733353534643361393337366631626633
35646261366639633535356564306638373139336232366466653162626263303930333637356231
30373864383533643963663265393736303933323136323437376465313636613932383663373162
38376433313838396239623631346261303162396362373064643566346238373761643763653739
62646361663066373934366138636364396538663062356434353661643131653031666138306335
31646533336138336333643862313265366166346165386531306430303336353532373632386235
37363862656161653130353131336136633539653765623735633364653037386336636439323431
31326663656638633633636231346336333032323463616235623463623730666132353539356634
39643864376136393937613633633665656537613265646564666430343335343339306463636437
38376431383437323735373162663133363034643964343235646237653330326436383133373437
30353063323266656332316565633639353761346161396664326334653462613461316661656130
31313234356266383136666230663330663533333433346434343765616631633266656464333934
30333536316364636534323731353032636337333062323066626439633564363031326166663635
36383130366235313632646663373932323535353431383635646337363036633761373639373632
32346437313466383537663735323031346466333539633630623339366433636438326237303635
31333137326537383962613235383861633133303565663966643034663031393164313263326439
39306264373366613438323238663761383738333834306336643466336466626165633835316231
63373730633964653631656532646133303237323830656530646430353331316262663934356332
34383464353631623434313136393631623734353530383464626138613461653435633430633735
30326636313762343932633933633736306635626336363932613663316661616534313763373565
61653532363732666530383662366434663866313161343730383535356532333132663731656535
34303130396437616265373233643132396261396139633035386238663864376337633138363433
30336465313161363736346530633636643738626561633737303264636232376434373139366634
35666364623165303530386433633936636562313732626363376465326537663035303461326461
63333639633461313165383562333565336535313637613838613365623534666162353732393733
65616336663937373434353166663939346530326466353435303861393363376666616436613036
36303763346238373661393531616631626261326364636363346561613732353230346161333535
30336663373930396165353064643739393131663330316462353963333335623930386438373334
66303166373463343535303537383738393832363737656162356164323436353161663066656562
35363831633665653531366566663639613439626336633732303764326531663763333837376332
31376339353330613934336163626432346235393336303930663135646430663362623333666561
39396432343566656531636564366634643939633032323633653539653130616534393532616236
63373639656638613061663338616365333963626566646530356666393139366238316263343330
35626662393164376463376335343966656137346434623437623737613839343433363735353761
38346338363633623238376662396539313366336538623565346335313839346562366263356464
66306332306464636562386234633339316437356637643530366161373431666466343431353236
37623361363962616136623536326235373730396436393366343464386361656531663565356238
63306437396231663164623737366131353937373836336331313035633931343466393735396438
66313230396339353137383463353161623136316565616230346335626266343735353731363036
66303233303538646263646564303962303339643130626238613438363635646263326338626665
66373738626639356631656463663634303363333534363766356536626534653639636433656464
66376135353032323238333334646234613639643165663439336366326563353738613537373633
37366461343235393830626662616433323532633830666461363631333562633037623133636438
31623034383334393638643830653035663964663037326666633836656164386331326137303436
66343636643839376365623938353463616530666134326339343965643563363935366232616566
65326135363936653530633065626435393733373962313530646162323165613964303733346361
37653463616631653465373935393130313937663636663364383664306232386166636536616335
38306561333437366466363033663365333064323834386365353032383332363435643231656263
36633265663963633263633932663732613435353136316536363936366132346237323435363638
32633939613536376538326466306165386566626238356139666361633038303465346164643964
33366263636135343032653638626330333030666333343966383165383236633464626563636439
32333831323836336437323666376661643836376636626365633336393537353161376433333831
37343235396534643833656463306361343365386566396263633838343634383039643730353936
35656366343238626364316334396430336331373633663532313636333730653230363130396431
65666236303232396563323033623738336233346634343730313066623764396365303638326634
62656332306665386531386234323639306263383465623432386535363262633937363734636434
32663762643531336239636137393166376634666436386435396536383931303436373762366233
33316663343531376334656462646530633230346138313030363433626432636230383466376131
63626336663132393362376238376336333765386336643531346365303930643037313262386261
62656131373862346330633163616264356132303563656637306333663435373165323362376136
35356132383433386463646230396236393166646262613463633264333461646232373832633832
63613138353064326638666237306232656263303766376466326234303261393466353334356239
30393038396666383266373539313261393630643132646365393033346461333431363131333838
66353363396331666631663636623131303663653839313635346436646432323635633764346665
64666134353539323931323364646334333366393365333535356437623365386136326361373061
66363532313232363566643432346632393364306131356536636365333030343031376134623233
62626635306433306666346662653032633635313963356130663831356263356264376663393038
64666330613732663466363265346365626630623361346362653764346233363463623939333238
32306463393763646464613335323934306664393634396262643237373537333266656535373365
65383332353733323336656337336466656136636361353364366335353132653666393762326562
64363162623161323236303763303764353730393164623133646633616636663464663035336333
38333433663366623531333936353135636131386137396461623232353133646434636666356138
38616133633563653639346163303537623338313331313364323233663533343366343537646135
62356266653432383763323666383333333139386663313733626364383233626635663138336635
66666437613464333930386664376634623663356466316165633866346139376336653361383661
65613233336262656633633938643332616261313164633465336366653761323865343530353062
61326439636237613937373830666333613939316536366236393261303739633661343563393061
38363234393536306637393437616135383663323766663231626630323661383037626335303963
32373338633432313530383137353163643365363232313966376230373837393665663932376434
36636134326333353566336132623037353666303737303635656233643236386663623066313836
33363734623036653439666432623863613633363766363235656265306536623834363730353938
62326437376561613064313134383730366632633930376334323963333564666462343639313462
32343536643139653039636130366565623132303233306563373437393765323335633765643236
31353462633738323331306332336335653234326634663932323565333136303062353365313664
32373732343931623532306636323331626465326239643266653231353735316138653438626635
34336563626236353966396233316163386338656230396536633735613863343830313334353835
38613563393334353230383031653037363539393634373334633133626236306430336633316136
65666533316638666232666330616662336331383530643030383961366634366234353963646366
61623661323737663837316636363536363138316632663863303837383136326465376239336135
34353931363537666639353566363435306636396264623539366264633061336665346235656464
35643964373537343330343639393462353638366232623631343939636530636564323265333732
65653935663065393465333836333839346634363661666334636636373262303330376536366162
64666533653830306432666363313361303235336436313063633665353365653563666163633338
38313932396262623439393433333332643864666633626536373466616630616230393931393663
63303363336231363437613666383435616538303333663063623734643339376434306662386464
63383134333133653532386138616233303437663736653163353834636137663461326436353266
64653236323431643736386235343663386663373665643063313966386266383932313766366261
38313365303937643633303337336638663732633933666636343732316564643636346661336234
64346337653162626165393966323337303938623164653364396633383434633934656630373831
63333566356465376363646266353566396631326539333132343065643732356536393161646164
66323332323233313264373137386264303766366333303165306537393936306633376165386630
35663132353238353432663639396464666634303132386439363965343233316639303762666334
66306463653438373836663536623363333032373538623161626261373665356433373766373338
36623337366231663664646263323161396465616233376338353262636431313030663366616631
62333062316665386137633637356236376263323536356530646330653561333431393738663238
64363932396434386630613534363636616564373230653132313031616137383163663964373231
39633966366666323662626137356437336135323462653332663565353437613734356365316236
66366637656232363533313064616131316135663635633534336266363337303134356335356432
34376232656664313363326435363864636236366333663333366234656463613062343336386433
35376536323535323137363264393134303538613037393566333035393033303432333463366533
31653339373531616532373039366566353762346231653564353938353131656332626339623634
63643430303533316366373664393062316437613933653337393561643561646630363631653230
66646565636333623035633830383036313033356165373636376337383632343030613333366539
61386463653561353665323863346363363536313839643764643935343635313662626665373766
64343365323862663462383931316234653031383663333531646230316636643165303032643839
35666136653933366338306431613337356637346430386630383266376532326535333463313866
31303263616362383634663631333534366132636636346538356237396539626364636663366232
38316633373036623464313734353462333365333464616437643933333062636162313734353033
65626666666139336131613666343335613030336539623961346561363863363639613132323232
30376162303232366638346230623531353133633832323130323333366163653637396332386461
35326433303531646538623866313137663264343733396138356232323738633262383036306463
37653935343439663765626234306362613832663432633639623938303632363631656630353566
61313035346662623334346166643964653737313363643634623161383164343161353765643130
63326134653365306138616133386536656537356166643639636438333037323036393764373730
61636564396239373866643762656239616235373730663730303863383530333332383264613836
37373961613334333762313264646230353531326231336134626530393833643563396232333633
34613530343238366163636138356130636332613366326230666633336538346331383339613436
65663661326563346439313934353230366337306138653466393662373238636330373635663434
37393237306337346634613039623736363365623730373162663137626265633563363139343161
33353233343936306263363230343034633064303564333764643666303834653361393933656135
35313931623065613261636464323836653232376336363761643138336261623763366332393562
38343331623962633231663138306236336566613662303230653033333362643839316631373436
37636636323661643436333131363733313762613134336536666464323330316263366238626531
66623461373666346232396335636166616130363966376563363138383664363632626238386235
34376139303637663834376138346466363262326564306265643036353336653530356565663663
31616563303033393731623863663830326639353536653661333531353831396238613532386336
38373030633037303030353431363231653664316235613765363861336535383566306264663735
34396138366139303831303766663862643236323037303035623362323030623537383433366232
39353230633364313032613661626437346435353534313633383733353062363032643930633164
39366538616137613534653635623061353633653162663263306130313132613837386132646365
62393464643938373639616231363031333664333338653238356463323034363034396363353263
36666139383331333662363736613261333866373763313162653339343932613463626461343164
34313238663934386162666638396463323732663163326461316337333738643331356533626536
37306566623331303230646166643164336436623930643738373238663931366563383565636362
35393435656334356463346330336465646233323064373235633466373964363536626137643138
31613565343736646264383235333363313431396336333934623032616631323931323636333464
30383461613235396139663435393638663139373031356636356635626464306563386263373531
32626430386462656436363735643662393266353263373231383265333432633939313064616136
33333236356134306664633666393265633039636535363566646234616134616233616630363538
66383335343636333832623235373161663231303230653363383362353166363361646261353766
38636133346564323235623066643839346563383837623039313561393237383964646566626364
32333965663061303462366634363864666531383663663833323734373039376430346339623332
62303564326133326461393464373333643633396439393136623164313661383138656234636435
66363066323736656661376339386132623237613832666433626435346230323934306262653036
38303434393066383538616662366336356266643166363539363661613762323231363937373433
61373039333635663032616330373938653161346430323364653134366233333662653731636632
61623865616637393433383162336463333836633237653462653663643439633739666563326330
32383565366632346437363966376362333332306130363661313863623061363636343134303135
64343731333463383637373438636465313833343762653831366263636438316661323061316435
30373435326631653936663162643835656332373639353733393665633132386335366437323962
30343965613332616538623266616436363237633531383464653231373635663132656562393636
32376435393430623734366235653630326337313732643836656461386563373865623138363236
62353130333139303861663366356538343437386239393236363632336635626637353233386262
34386564333037393263316462383731373939623762323031353938663161316333343662356531
39666139303038333638396564613365373834633839663239376664613130323736653431333664
33383438386261643061613064303836643366666139376237356134663935356435333134313336
63313434663230656635353134366435613561643639636563653431373432653661636665363734
36303031636435343234356462303434653831323132353636323530326439326164393336393764
62363361396330396638306337343261316538383965613339343131326131373538646362653466
65663739626536633064326362363061633165663934306139386132333066353261663031633835
36313435316439656162613164356161636135613735373538643536656330613235616538326634
66653466333438356237663863343336396130393730336537366464393133366134366136386131
30323537313531643436323630303932373564663537653137336335313230356130666235303261
66326565623363613833623232323832393436393537623963303230393134366330633164373039
65356364353263323433353635343565393661633537663134666464323730373934663833656563
66363834383761623632363765363665393137393835633331373566323935653062326433326133
36656133393366373266646562633239666333636233343736376566343266373934363730623365
66393036346237363163666566646133653830633031666166366162343432363638373834313531
34633565623732353662383637373662663939643431356562363665373035366532393266306238
36316134663833393766313431353330653837633832386236396337643132313930363163336134
64663064333337376332306261343632613037663338643236376361626464336666306331663932
61326132366133663062383437396466663035613036336463326266316432643463323431376432
34656439616239613932643966303564633961323633366335623362616138356236376136396466
64613739336338396531313466393932386366646166393039383736323162643938376135383762
62636635366262626632323939636663656438323236343664383661636365643266623461613661
34373766633537663033363636303266306331336435623165386631386135393564313636653862
62356637373966616535386633653666633865656337633536333738316135616334303737633235
36343034623165653432366564663836343839333064306561386666336665653463376563373937
37646666356636326439626461393138623537646634663531356631323138356536323465636265
63376635313963303535623935316530353330613336326335343763303663323836363235313238
37313233646638363136653662326662363163656536353337383961383066313936363234643538
65653232333965313537303830316564353632336265326233303436633939323365346137633963
36656332636136343334363566313231363866613338636532376434333638666531396661643536
37383163353039343765316366333932313534366663333238303463626638396364626538356336
66343765653537346432376231323135663461353838613739323632663939376638656361383163
63636537353365353634306266633839396537393765656438663038343332323561373463353065
39393065313461326563626463653762313965373862616636333736313461316236386239666161
38666231646163636634343964303764666364353535313364623035663364313965643361353138
39313635656562373632363338373065656566316462343861613039656162636637616661333637
65376665323738303564643239366566643766356664653337303366666632653935303233376466
62353538396633366663396339616163653063666566663364323930623233343339346535343032
32613163333135343937623936303333333732303538366666363531396664326466353832613630
34356331353661303932643536343132303537643436343531383731363365646264353836383565
62626461363731366166376563653633666437306462363539323435636363313165663139626664
37333135323662333233323035623938353435383536656130646331626434663735396536623135
34653631613234363535646533656534623066386533366363363062613530363038386632343432
34386263383731326664646538333964336632326537353236653437626533633738333562636338
62373833656631363137623730656163663066663230303135323734333639306233343732363834
34633562633239643663333466356132353034346562313632326634353235646238633036343931
36346463636131323536636331393035303366626430396430333633633261356166346162613531
30323863623766393862313139666634633339386535396330313836666233376433336161326333
63333032323366343064633565343635353562313638376237616332656366663363393231633339
61323334303638623332356162366261663266613837313231626238376336623531366432323635
32373866336162396333313932663237366164313233616362636361646465333836366263623634
30303739336634396365376439626464613766313737396530666538663337613832623863663563
64636131616533306266626530313461643663366438323732346432376663663833643139343564
33326531646131333633643361313038333563643731633831333366623534383364663764623435
64396466343632316165303431376638613337613833383635366431336438323033313436626237
34663838623732383264363835333834303338383632336439393535373834326636356630646334
35353334383637356632616261376637646532386566386664386562643135336165333164616433
64376465373533393838383663646665376564633761313565396630366233323234303030666166
65326632383763623966316335303230643832373961663666613139393736393231393738393266
62303534363433646137363264393866646238333936626635366635383033613961333937626535
30343964376638386464656533323732633362353835333437353337633334653131373462303332
64313463343838393962333439373932663562316563363435326435663864336433643638333730
66613361616463373736313330666265356662616637393433616238616666653632643930633137
66376137653464316233653961353336396465313365393766643661346666666537393538383430
31396636306263646235393539663135323665303434663738633932633764336338316465346266
38376630396232316262333663613864393063623633386231303065643531623838323838626537
64346330393865643363643763303532306438396436636565653561373837353264316165346366
36653731646665383436396566646230616164313739313231393666333463366536656438353134
38613066353232326266383361393366633337393531336563613230303430613132616266316532
64653835663234396636613536363336663830623231626131333037653733306431613538613732
61313964336562613063316665303634313762313730303663343539386231313962653137343666
64643461616561653131653862623431363236336638623261393632633439613536626132306234
62316561656262636264646234303664363332666239613638386561386239376462386639393164
38353439653531386166363566633161363835653831376538643039356166333437393862636131
63353636646234383964343232383261613935613831633738343866626664393463663938336636
36333863386666663137663531313466373162613338663335626362393134353237323339666664
63333930373834633339666233323433326163666231333730323539383762646434306539383339
30626532363536646631336334366433393331613562343964666637303738636438383666623261
36323038333362313263363738386137363465313665306336393663323434643832656361353363
61373134616566313337316163376261313864366262356562333963613137623134383739643432
30636663326534393234626265623134373638316635396130356532396161383834383065303464
39616564636439336261303337666433653533623331363162643933393461643364353134666130
38663731653933373037323364333032343166336631366438616563326665623162643336373463
39323362646461316365643964326561363230363931353733363365646265376333646432616133
64303733303130393234363339386266373064313633386437626438343861333463346439316262
65326533343839303765626133663464633932613236353637666231373061653836386134643133
37383035313233306264366537613732343635393631333537386236616265313162333063353163
66623131643664303237663566333261376332636437326434363131663836393135356334313837
37353132386236396137326634343338373335316334613837306335653135646534373166383838
62313963666435396666623665646333343139383230643737333861653931393665353439653037
30653662356432303966343331356531373233626162303535336131363164616465613238646665
38613537666463613738666561383734623166373330303731313033386530643039373235316263
64663937386332653663393334656439643532646262396165356130386362306266366434343539
31383336626339366235643066653734326661666438666362393637633862643138316662376132
61353232306631383633326435393264343536633630306339656166613366643036353436663638
35376334303436646238646336386335363066326338613937666537623439623836303333303634
33323438323333653136356464366135303238333066393137613165343734343937393663393166
31623035623335336263396133623231326234623966663434383332326561666662396266623232
63363663303063633438313439376361353135633033633136366232356131343639623031313035
62316165633438316264363263653363656531643434633337356434323030653965313064356133
35623665656133316664336434636238313736643066376162306166626638343763646464666364
39316563343961326630323635616363616463623062323530633938366539383333626534323236
33353636656565336434363630356434626536373432626466343561303264363837313234653133
66323863366662326363323532366365363038616133303464646436316535393833633836326230
37326339383161653334343161613337663063346565333635663361306265333834303839656235
63633531663763323230653733393038333235376664613261336538333533333661663561353038
61316232666462313739303538323238613962656131633863636539396333633138356333333739
37336264383932666634366264383264656663366466666164666330396466303061376238653930
64303562626339366663383466336261346562636164303435333265393763383631316630346166
66623535323563383363616434366434616131323565663130643861326433356532333037616635
62613936306431313363333838636632656536333135333961636638336439313731653932393862
65656434313439396466633039366634393665373837636630343130356635643562303863376362
36616237393263346334656130343463363539656638326463653336396535396135666666383035
66363162326533323038666236656230613365626231663365323730613731336138383732636165
66666335326632366432373437383662663866396533646666626331323366623136303630646666
30363132383539353462303035653061656462313632306463396437336435393137636461666132
31383431373164336566303164393764663231386464383436666662313631666163643166656264
64656230386335643631616665643230616565303639626461656338613138383262396131393662
36326135333939303237633462633636386230396330336564313736393936646138386432366436
63303631613861373731383632323732393165643663653263646436323639313963616330623263
30303036626562366132626335353866306136313964336630656639653339353661626462333238
36316136333765386434326461656266613536326162633436363439643830303539653935656531
61326363313162616439343361346637383961653935303865613136323832633266313937643264
30353161363764656566663730336532366365336539303831633237346339633635663730636236
62643465356161306361316232373563323663326361306566323738323338363136366663616266
32386437616239623765613761303037356266616562383461353939613064323265373931323439
33633433373832343830313737303433383537623031633132303432386638353235663532653164
65343135393866663664316264616135393832393766663938393232366237623930303937313131
39626363656637303938336562363264613261323237396334373234356263386364346531383966
36326130353431386363313965633533363035303839303461393261336537633761396361656331
61383965626239623339376664643933666235333563616566316231663236353735323261343937
66343237336365323061653631323864353430656337303363393433313664646437303762343935
34306461326434303363363638666565643230313335653839363264666536386565373936383064
65396534363561643262633930373830373332396637346365356662616231326663623733376534
36363762303938336431373961643366336463353032343835316132343565393361333164343936
30306634303666343262316438323237393331323863643530643666343933343037333737623736
31666564303930303134666238643064333031636430663235336430343936613262663933356661
64613237626530343032396162343962616339313231396132646166313535313764336463356665
37363839353137316135316365373932633135666236626332663862363435343933346161333762
36393737623237393664336637303766643237323462343966376637663239316465396238376131
38353830643338326235333031623464363436303939343233353765666630336138663632383364
38323934376330353434623463373463663136323337633462653439306136383465316131633232
34366638383166343466646332613737393464356531613537343561663561616335386461663764
64663430626334613263343639373436316138363334333566393864653061653632376266646437
34633466643731663864653763643135613163343335386262313164303665623232356634643335
32383465653764343663376238353338633634383861393335313635653231626361663264646665
62303461356134303233303166323537353632303339366136666236633732336661383366303161
61336533653966303961633236316533343663656433323531316238616563653063626131313064
31373834343737643135303035306336613933336366376333623939336330303364633932646539
38653333393362313234316533343864333964353032333634636639666664626630653935396533
62386163356637323933306166313436333935353666646463333638323337653763626437616134
36616433356663336136353739626162333039306361353564366237373766306539353137336663
31386530613239643962636362663838396230373339376665303235656330346439613432333931
62643233643962663737323963316132396664646234313232396166623130353231623265383363
37343735303932646236373234376262393062616462323234633433363861363237333065316562
34633238646662623762613737376638643638326266333666313836666438646439366665336531
37376534316164333561363032323663643237653033376536623736333136646231343430373032
36613036653761363032303366666163306231333038386462346131326433313934373037343834
66626633363762313137386539653034323465306430663838363061666565656336663861353033
39613433386137393935353036636132313565633936643238356232613438383430336533326239
64653333373033316539336138393834633661323032663036313861333237663335626537373161
39356431393439343939356465613133613333663365626364613565343565343362613561303037
33653436356264363936616238323863366630613363316364343434383936363864363965643665
32316634313131336432383235623135636137613636343231376539363632303864326430353965
64356636346336326136636531666133323439353038333133376338336436653731623465373438
33636533353362346334343836353462313238633261626330333561663931323561353930646463
61376363343631366163343831666438353461666435363063353464393338653830326465333431
63316539643762316662666131303561353538336231396336356531636235663936633762383536
31383434643236376264363165306633343763373831386535333838333831663565353865316662
64656661376465613161663632633334333636316532333964346237346266653431333237356331
39633438363234363865376338623161373632356135326663633738373330376466623933653763
35646631663831316364356366636538323833316661326434376566363966356662303435356337
63366638343633323535383665303038356634653866363032376134386139323666656436346537
66636138626465613137313664343064303035303166363033356265636635666137393134393933
36373833373134333033346434386464376437393838323166613365633931653838316466663862
61363062613566376338326465323136396138663036643364633432616332313764363236313766
30363636306236343464653033386265613534626265643464616335386232393161383335396461
35346263316635393433346333316239646238323331373536376535653263663633643739363537
35643432353366346230326433386333326133616664313134386330633434646639636634323134
39383837393833323263616338613738313133383162353865623136323161323936613463313137
64333636356438313130393831326235333634663136383435396239326438613833313830363831
61353130633561366433323938333331306662653935386636613665373265653139343837623339
62376630356262616333613730306634343366323332313730346266396230663438613235343366
34306234326539356531346565636132646231383061346335666162323933653866633266343631
66303635303934613164346233633533373235366436323562356662316332373637633365333434
65623064613535376463643564613564383037636263363866376564626132613263363039663737
33653561373966393563613635326239333965303733306337616539313763323334336563623363
63616665383531343761313339323964393261396234346436386239633838383165373139383462
33646439616233613433636634646531666335303933653630373833613638623638616639323831
31633035666535333430343663396238653336303831633066666364626232393338623338393838
61326261323933653561303331303166383461653035326161653939616637353031326130383534
33666566636366653264326339383537616637383764393064613262373836653533363031643132
61373931313837313737613030303364383636613633376135323562353939343162373134376564
66666165383539613435663435313938666462316464663938636634666435356533376463386164
31343731663830316434366132373434643431393631336464366537376464333662656664633833
33623434663964386163313737393866313366623334653332303431616130393065663434323334
34633937393335313034366438363263643262613933653261646263313535336239313561353366
37346366326637316434613566343062323738313666366336303165393432356137323764363737
63666130613961396566313339653536353964333261353435613734663265336464393261303765
34616364326661633634303739643561363066626561613333353265316666386631356534313235
34663537663430336165616136363236326462346263396432633263343764316266356363613863
39393730333065303738663634323639316134383564356166373562303835376433323131373032
33633961383734656363396338613337653234646265326663323461656439343538666334333930
38643237386539333932653765356233613232353463383638353433326363643033396465363834
65323166646463643730323435613337303165343361653564333362323064303730613932376635
31306361353635353761666334346561363831303933373438383031303464353939363834346439
35643135663130333539313035663936666635643231386666303734646330656232323665323433
35396531313235626664383139333934333662346238356135323565356461356539373866353432
33373531396164376464383765303230666533646364323730303630376261333334643034626461
37656236306132656266393539316532653734313466643765623934373565613733326531386636
31666134613934306636643739343436643433333630356164666331363436356137323036366530
64366138306130646166633631306630356434646433346234373939383534386265353934623338
64323261323634633436633131623965623266636534343537303062336633636132636162643962
65343139316533346237386565306161653833366564616136663032626461633463303331636664
32323636393539333737323438653231393834356163663132663262313638633562643766313963
66353036393363636335383038376265386362346533323335353836303264393165623930306637
33643639346131636161303730653263373432343461373664663066623732306632623539613462
66653336356335373430616330383061666163393962363662336332383062393332613832343364
36653261303739653962336639346162323866616630383464333961343937356133326338663635
38376661333461313130363632303034326333393932346566343335316430306439656134333234
62376463353235643862316564326437396562613434333234613132636333313137353230323162
64616162333862396562646138313939393830373166613566666361373935623763306235633863
30386434373766306331626139333337313865633062356532316531376338353931623966656437
65313230313833333264396563346665636138643733653434316336393764386134656531326332
39636264636461333463343636333333663533663862396433346633623533666566646531323634
33333335616133623466663937323738653231393335666466336333323135313062643763303761
35326132363363336431323265626631303534643266393565643137663338363133343764316339
61613632376239303837303935623963396363306130303033373164653161613837343965326236
31323138363232353366373834333838383734396136626137636536613463323634383564663634
38653331623736616432616430633466393163643361613661643131343135616333643364333234
33393732303661613531613032373237643264643533376432626562376437313833313337326162
62663362363030653730653933373637666231323337313134353165366663333464663033656164
38613762393162616163613136643738303231353238326533613062633638663865313462313239
65336163663362363531663266313161353662633130316661386130663032613966346536313433
35313032353334636638363732336464613165643438316565306334316663316533663137633639
38623832346266636531343935313935323738386536393837666161313737373231613435323463
31393230353236363531333665363235316437623038636436396463366636666338626165616661
32303066613334616164396331663362616436346536343066666436303061663662663862656466
61383036376131626335323966306563653731363739363438663330393333313462313963626134
35353066393461633639663265663035643939393833336465323963613531363461663330316661
35396334386330613865326537333962383665343238343662363231373264636462313062616663
35663364383236386363303263616561613666653330636666663765383230383834656433626330
32373537373631383338663132646634653061306234336534653363376364653331396431313134
62336631356234303665346466316434646435396238313432343530343137383235633539653863
36373033666431643261353632373238356462653734623736316263306138353266623431663438
30623665356633316161613433663535393361316333626438316331376138333431643562663730
35326337633461353039653531316638356664356634353564343361333239623635363431613839
37626137643636396530303064333732353938393765333230336164323134666437333836303530
62653235376332363362663430636266663135323833323531646163303937613538316566306234
39633364366231346333396539323331343963613432386636663331386264663032346263613039
62333165393034383463323563373034643665393337356332653666313966393761363164643562
33336136373938643765303630316637356437623932363161343730643064663362646133323138
37333837643833656566393663333462656637386538366439393433353661313732623264383733
63383534373337306430653731626262336237303236643235363062656235326538333262316637
33653034353134313730336463386130653963623062326563366262653739343239313838623931
38346331633938386437643438626164363730633135373066633430366431643363343631663239
33623931376130336530306661323831316632666434306464646665303436346331366232643738
37336464633561643437663565313063666436306139353164653636323165613164613362653135
39323631663561306165366230376232396464383739323439343766396437333436663634326437
39613264373262333836306132306639626461363634363831333739306536623039323039643035
39396134326631396139333537633332373963636665336437346233336536636363643462333564
33373762373563316330343732303336366166333561656233353634393233643830356334316631
62353830633661373234323563313661393732656664383966646530353538303230383734366163
66376538303132353964393661303332396266353937316635623239613839353231393536636231
31353036633534393539343134396362643536663264343633306564313663323566343635393833
64653437303938613664326265383065306531333139626439383934633934636338373433386666
34383461353863363635396234643563356534383839656431383164313565396636316662383233
34666532656236323932303563373165303438363139636232353938383833323633333164323464
35333864313431313163646538616439306631336133613938663830643335343236353437356539
38353662313838613936643663346464353264383465643839336462346132383131343961636263
63386661646163393237323666626435383361366264643566316334383334303037366462356233
33373835666635353739383463383639383963613539383638323666643737306431366663626631
39386137366132383337376266623163366561636663303064346363633436363636383962646231
62326230303930363338383265663664373366393064303239653336353433373764383234653330
37366262643037393737633931666635303133313438316565613937626134333263396466616466
30626335323631373939663535626234633863616533656662393935633764613237326262346535
37363263303164643462306539366637636665383632646461336239663565663438313338623639
30393363643265393935363034636633366666633761383030326534663534613237643030316338
33646533393330386166356432303566363338333934306138353731346531643932643966386530
62643335653561346531396237626263313733626464386233343761633336643531343539306263
61343035623232626233306562646361623432393363346366386530656165613539633636656132
63666361383731633261383239333262366462356434396166636437313430633334356165336531
62653563383739616663356634633637336532336361313935306666393830626630363439643134
61333336623431353134303734313938396565363136353564313838633333643966626164303333
65393231346134336263353866386437393434313632313731663865653639333864346463343736
36343564396264646436613863656632616263393232613137396465643733313833666664373764
37323438316539323130633032353761303835633935396331366165636637633061396239336563
62363634316437323461363364383933333032346130633032353831666337643266366465353563
32373061366232633661363134353835643937613261303561316666396631633431616330363735
33656338366535613938353461336332626535343861363661393334343038356162326233653462
35316664656432346432343331633662653533383534653365363235393163366164383139323131
34373065353261306638613631643530643633633135626562316462626535333437623266346365
31343062373632653237626238313064356335346335383439303936633964386133626336303534
34323261303838663636343937363234373961393533323039633030373736636139653462316636
39646462336165376663653735613263393237393365303839646633323832303664643938333364
64373539616432393239346362326430366130316266363665376530323862316564373033356334
66356433653962623131383434643537356534653731336234313930663532663463633234636164
31616664613232656130666162336139363963626662623031346332373738633266616533626539
36326462333166363033306562366531363530666138323236653664376637623566623262656637
33623266666337613262656631623466363131636164626233653036656538343636383264313061
33373462396434616235633066363930393938336130363736613261616630333763383730313961
34626162633864636337386262393339396265323964386465373461613739396236386166323765
36643538333030313731653262333430393836326436386436383866343235613031306362353935
66343230363662616334393333646539616530616636623030656239386165393064356135643466
61656333633662356631383639343637313530393432313336623836633836393264336266633530
34643339303335353933343737376366643433346237316533646236346666653738626135313538
61646661323431623135383636343230343935623833663031613565383864373265626530326333
61623632343630326462386635386632366561646365376538383335653832616664353130663137
64376361356235383430343030613933353934363762316634326131373066363830313533336166
31646366396430306333343234303937653264326436623066386262663339646561323639623863
30616136313039316262663931636563666433643366343731316363623033616364643537656336
36653734626465326438326361333331353833393236373739316465316665613265353263373764
65366432636165626133613233383131313032613834656537333261376432376531306665326337
39313965356166366430303266346364616435343462623139356661333364666630643561393735
35393635353636326366623736616330613834646139643639316661326463376563306639663132
37333363666434353333343532366139396434313765383064333831303932663364316661316266
37646330313835363366653233313762363335346465386265393832396464623631656239663434
64623065633233386538646131636435366263356635366564656162663666666534633333383935
66373437613634633834363364383632376233386537316364396434616663383964656238313637
61326234373466333636366439333532663937333363323861653937653664666134373864636662
38336130366332666562323930643461623932353035326130396535396637393936633364373239
65386566666264653231353366383830393262626636313962363334303236353262626336666133
65363564343236346663366361633364326538336131666236323764303762643562643862396162
65663533366635326635643935343132316561366138343837336465633133663732333237336361
36343537333233653637356535656566626563333930343062343832613739656435616138323934
61373132323362663462633636326663616632386637313437353564366566373730383138396336
38303938313365326436373037393734346261623132653631376330643637646438646139643862
37393636666236333434356662653932306362356333336632626265626434656566353639376462
32613661386361363464633465626437346562303938613637376435396434363565333635656339
36643061363030373230396232303431623637623331343934333466393338313236333264373563
63643935663832623461636331363130306661353630306464666632376430353033653030333565
61303033616532656234386161323937656130666237313834303064326438383436366461353365
63376537326639613862363936396630303837396435646533666234616233333139333137313830
36336138343663336638373133623736353461363739373733656364616132326530623862393566
66653734323366386430616439303763353464636332373235323032343333306633363832646566
64316237393839646162383163313837323435636539323531633537363435313637663463386637
37656163376363663736616131666633336135646165393832636664306263383064646362663565
65643335663064316163663434396661633432303831343466623464663930383431626535656562
36343632373233643532353733613238396238616263373439643835346431366562613239663665
62366333653463313735376137636534373462336139383232616263653138633331316539636131
64373065376131393831623238613436313064333563373534623161633563626234333865643761
30366164663236613537663666363863343735343963316234343138393063323238306563626161
62333966376434336236353733653164323137623135663364313232316266383237666363363032
35613938303739376534633030313532333565336539336539343839343962643963383030636662
39353238663635616262656539323963646665646534636131306365616364663137326131373531
31303165343832363662356135623539373234613961343934326439373238366635653734346331
62376537306462326136383263353435643234343139393238346263313531306535326230396138
38636333653264363537336433346262323932316435343533623238336366633234393862653734
31626536323339643234383866633035656334393964643733376239646338393766343831316632
37626439363630333561623835613862373438643139343964383063643632323230653230323438
63646464376437343437386265346632616331333463346631306333323765643665613864366663
33326661366133643538346361643565396661646431623335306336353134636561316534316637
30383162653432343236336463363432386661393565396234343230643533646562373836623062
62326465643062356534303336346165313066303730356331303166643732623662623066366234
36333864333931373731363430323037653361396133323161333036656264313061353035346161
62343766376533666564343665373930356239373364306532316237376661336461386665353733
61373664336164356236356530363835303738363963623362613631653162386237353839653838
31313165633563366438333461306637666265373435623139303131373466653936633239366161
35353936393766643261633461656137636266643137346266326139326236623432346234653034
3733
